mom	a	z	Re	Re_err	Im	Im_err
6	0.0574	0.06	0.9552063714603687	0.0002015290339143494	-0.19595974714733402	0.0007285634638485027
6	0.0574	0.12	0.830304993153892	0.0006570966372725361	-0.3570717471172734	0.0012302099220939946
6	0.0574	0.18	0.6485599101917505	0.0012001888298845964	-0.4550511191489564	0.001381744006684893
6	0.0574	0.24	0.45326768685461605	0.0016416258199493108	-0.48488464861728586	0.0013608320695079337
6	0.0574	0.3	0.2771388762505147	0.001875199990567844	-0.4592359085453731	0.0013234961499041242
6	0.0574	0.36	0.13724367185719477	0.002001606395557493	-0.3976374592774636	0.0012431414960193954
6	0.0574	0.42	0.03851650347041281	0.0017478723771320937	-0.31892310483930475	0.0011685761565548016
6	0.0574	0.48	-0.02255326364796168	0.0016241631874003223	-0.23815926486568106	0.0011710021419576444
6	0.0574	0.54	-0.05330221312982808	0.0014159170038734598	-0.1654312707172284	0.0011648748309660562
6	0.0574	0.6000000000000001	-0.06250782298219286	0.001145743138035629	-0.10613195242188263	0.0011187602613452197
6	0.0574	0.6599999999999999	-0.05846890983215167	0.0010547133954960655	-0.061842828415732784	0.00106376608709495
6	0.0574	0.72	-0.047732011865335586	0.0009688506206671083	-0.03147903950498358	0.0010057037285373866
6	0.0574	0.78	-0.035037590296272916	0.0008588363672205404	-0.012577896787416755	0.0009213229132648237
6	0.0574	0.8400000000000001	-0.023261944417388998	0.0007717677539494616	-0.002199847949748125	0.0008342167247182838
6	0.0574	0.8999999999999999	-0.013802878072963131	0.0007226178200824881	0.002484792869894015	0.000739221724163369
6	0.0574	0.96	-0.007061474041313908	0.0006788451420886733	0.003766157314847156	0.0006658730061748617
6	0.0574	1.02	-0.002806009878150098	0.000642495595096733	0.003309140274969676	0.0005652000884184163
6	0.0574	1.08	-0.0004589846148593524	0.0005930657186035412	0.002201774246067216	0.000535777116207623
6	0.0574	1.1400000000000001	0.0005801090427223709	0.000562721425693407	0.0010837526179595272	0.0005460668459804448
6	0.0574	1.2	0.0008428598458267874	0.0005757232787687958	0.0002202191375093945	0.0005336468678669115
6	0.0574	1.26	0.0007691653275324309	0.0005809223948379926	-0.0003016901542439037	0.0004745737684468734
6	0.0574	1.32	0.0005611840793903792	0.0005432011266157258	-0.000542037184446642	0.0004489973019584717
6	0.0574	1.38	0.0003683850691779581	0.0005082461958536037	-0.0005687745268102174	0.0004513085433922599
6	0.0574	1.44	0.00022893517903511848	0.0004489075155120373	-0.00048742729980369437	0.0004594507182419281
6	0.0574	1.5	0.00014300397088110896	0.00041533115633917594	-0.00040156153658736605	0.00043126714143485676
6	0.0882	0.06	0.968692205570961	0.00017168825223123907	-0.1923959074063121	0.0006694775758692982
6	0.0882	0.12	0.872257571103648	0.0005963631533240088	-0.3619999049299233	0.0011872886368318734
6	0.0882	0.18	0.7256587762313516	0.0010924165862206126	-0.48830468320274634	0.0014472203751337844
6	0.0882	0.24	0.5471230991950005	0.001574083784838143	-0.5555547722247707	0.0015816917788133988
6	0.0882	0.3	0.36534026133691944	0.0018717233241633546	-0.5639193158422275	0.001630653911069313
6	0.0882	0.36	0.20329962822181438	0.0021499545164793683	-0.5237442181535468	0.0017117251080888127
6	0.0882	0.42	0.07455253514894254	0.002218468909359756	-0.4512223215697726	0.001604620572590143
6	0.0882	0.48	-0.016181316538701255	0.0021585280852621006	-0.3627056526220377	0.0015995811405698503
6	0.0882	0.54	-0.07094835035782684	0.002086917295633317	-0.27209008356078945	0.0017141237565663214
6	0.0882	0.6000000000000001	-0.09573335316589296	0.002019413699327427	-0.1896365015090442	0.0016817749871611831
6	0.0882	0.6599999999999999	-0.09866790033830766	0.0018743247768780447	-0.12130392395983142	0.001574733400619907
6	0.0882	0.72	-0.08773257104005373	0.0016783195588604969	-0.06924526570190397	0.0016040343324745796
6	0.0882	0.78	-0.06987337428432747	0.0015535740510286694	-0.03321484771324637	0.0015199166308995024
6	0.0882	0.8400000000000001	-0.05042258771969095	0.0013182920546412347	-0.010738832448375459	0.001388542639002073
6	0.0882	0.8999999999999999	-0.03263688398061099	0.0012144862630204395	0.001225976477963435	0.0013357948324713344
6	0.0882	0.96	-0.01835329301095645	0.0010890006871697028	0.006008061389680992	0.001253875166732133
6	0.0882	1.02	-0.00814026589406064	0.0010467638832671504	0.006503983652160331	0.0011393222207052587
6	0.0882	1.08	-0.0016166849288383285	0.0009712972494469135	0.004687228699106221	0.001072097014642102
6	0.0882	1.1400000000000001	0.0018486612477853282	0.0008790961703158364	0.0022110378624293644	0.0010263997661812657
6	0.0882	1.2	0.0031649738134356693	0.0009010939993606043	-0.00012669294460726255	0.0009591129333362823
6	0.0882	1.26	0.0031013004702678927	0.0008259787919000031	-0.0018290662439502967	0.0008739897337247652
6	0.0882	1.32	0.0023606094742624722	0.0007956841457038851	-0.002802047790455638	0.0007568366817717357
6	0.0882	1.38	0.0013829452887444593	0.0008102219868775101	-0.00317520432799744	0.0007118992627669339
6	0.0882	1.44	0.000448236426837316	0.0007692710756321355	-0.0030435041499052573	0.000697824205611741
6	0.0882	1.5	-0.0002819451829730584	0.0007724462000360721	-0.0026315691442805886	0.0006961161965057749
6	0.1213	0.06	0.9780222200454216	0.00025754543675693403	-0.1906662908996657	0.0009863426956596701
6	0.1213	0.12	0.8948132484517719	0.0007932433423518681	-0.3622119107439117	0.0017118139234308938
6	0.1213	0.18	0.7651132999120194	0.0015539115107146007	-0.5006894904175994	0.002279793640504679
6	0.1213	0.24	0.6036383008093655	0.00239411481407259	-0.5922474102049902	0.0025756707161523895
6	0.1213	0.3	0.4263250785861264	0.0030679526572177647	-0.6264608796572735	0.002467317149170367
6	0.1213	0.36	0.25415146085714563	0.0034550527596370344	-0.6083668151624393	0.0024465814359070364
6	0.1213	0.42	0.10730154390087013	0.0036624317139373197	-0.5483446497840654	0.0023935226633637896
6	0.1213	0.48	-0.005481421931419324	0.003783339299639343	-0.4613591106150776	0.0024143039178133874
6	0.1213	0.54	-0.08090343130070912	0.0036361053082707012	-0.36330295950545277	0.0024764141206010675
6	0.1213	0.6000000000000001	-0.12228566704130789	0.0033503356817610325	-0.2661774635328181	0.0025183766586946987
6	0.1213	0.6599999999999999	-0.13556349042127755	0.002988547626934096	-0.18007280829747124	0.002523750333128017
6	0.1213	0.72	-0.12853431679803237	0.0028963857415550413	-0.10934393063001277	0.0026766981241407024
6	0.1213	0.78	-0.1095322727428018	0.002748614359595239	-0.0565726519843982	0.0025851334405362844
6	0.1213	0.8400000000000001	-0.08477139945722009	0.0024017455303006335	-0.02051824290502045	0.0024993586567565625
6	0.1213	0.8999999999999999	-0.05965861268784646	0.002058464449817395	0.001058531388495866	0.002228162095314669
6	0.1213	0.96	-0.03729769780227693	0.0019274801399105505	0.011556066587655324	0.002156849665743548
6	0.1213	1.02	-0.019639760357167	0.0017813979733090762	0.014309961051964727	0.0018997649016631764
6	0.1213	1.08	-0.007082353695145134	0.0017466272387106994	0.012515642421499001	0.0016208528025989496
6	0.1213	1.1400000000000001	0.0006575624483538165	0.0016746242380416075	0.008615885995676153	0.0015303544743682713
6	0.1213	1.2	0.004673619984203635	0.0015412109955131139	0.004287485487176865	0.0015029255863322436
6	0.1213	1.26	0.006104776593796785	0.001403991389044423	0.0005430784575797343	0.0015045019621285414
6	0.1213	1.32	0.005920428459898913	0.0014425985315775613	-0.002101489937427928	0.0014408673805554363
6	0.1213	1.38	0.004887700790140358	0.001427112216385214	-0.0037561272700690736	0.0013832150987175644
6	0.1213	1.44	0.0035279807146630865	0.0014197202437011341	-0.004449790664195883	0.0013064090719292177
6	0.1213	1.5	0.0023090700506281764	0.001395370750324251	-0.004497907158089528	0.0011893220657032627
8	0.0574	0.06	0.9392688599326029	0.00014701271088135573	-0.2563575288781385	0.0004085655306941272
8	0.0574	0.12	0.76962674474522	0.00048418949348483226	-0.45545170059055606	0.0006928965532521648
8	0.0574	0.18	0.5335309871608316	0.0008632443443931105	-0.5539325156518744	0.0007462938986083634
8	0.0574	0.24	0.2972142311395381	0.0011068352557098147	-0.5499272059490803	0.0006878162538287436
8	0.0574	0.3	0.10717062895444207	0.0011790331247610861	-0.47238289404518763	0.0006918218000271925
8	0.0574	0.36	-0.018190211138387362	0.0010445653970481	-0.35890204203477316	0.0007568842329767621
8	0.0574	0.42	-0.08167729315115829	0.0009110352050563097	-0.24197150262102768	0.000803365183147442
8	0.0574	0.48	-0.09807623318128017	0.0007784100888222205	-0.14296016472664447	0.0008016572199312789
8	0.0574	0.54	-0.08597119666330691	0.0007327967928232454	-0.07132747921039259	0.0007537794324777996
8	0.0574	0.6000000000000001	-0.06171821557874543	0.0006356104089574877	-0.02718101317272304	0.0006682669150427922
8	0.0574	0.6599999999999999	-0.03680834513035024	0.0005856276809210262	-0.005070702568501418	0.0005730876338918304
8	0.0574	0.72	-0.017372817373182164	0.0005152975361553125	0.002487203598831302	0.0005232719564818899
8	0.0574	0.78	-0.005123433984073951	0.0004820485161556847	0.002295491638293326	0.00047997081659419783
8	0.0574	0.8400000000000001	0.000734192403471076	0.00038327335636707837	-0.0006175341194437438	0.00039893200543070554
8	0.0574	0.8999999999999999	0.0022543801451337993	0.0003866135794109795	-0.0033808028116256933	0.0003784376471364947
8	0.0574	0.96	0.0014551087172943481	0.0003409069126482708	-0.00478602826762033	0.00035678912498665356
8	0.0574	1.02	-2.281311505722937e-06	0.0003257121034548477	-0.004745315643899578	0.0002993959179910539
8	0.0574	1.08	-0.0011817838297421613	0.00029020920448009387	-0.003782507767256487	0.00028601428889403957
8	0.0574	1.1400000000000001	-0.0017634435683909358	0.0002957738298187981	-0.002483600354300897	0.0002738239774416839
8	0.0574	1.2	-0.0017579215214431924	0.000268409948685788	-0.0012656355358837649	0.0002615911571752143
8	0.0574	1.26	-0.0013971399117280558	0.00023469728674896536	-0.0003444066671215108	0.00025709571577807103
8	0.0574	1.32	-0.000913964194760564	0.00022956967410377237	0.00019797679052303862	0.000253501961862528
8	0.0574	1.38	-0.0004847698827385236	0.000221075492864511	0.00040725341019995213	0.00024126030832215793
8	0.0574	1.44	-0.00018152127796710831	0.00022126544090873078	0.00042093717565119267	0.0002315270742182805
8	0.0574	1.5	-1.92613116833521e-05	0.000224050244499317	0.00035010480600065766	0.0002282248210381598
8	0.0882	0.06	0.9536481047710206	0.00020517166932276787	-0.2557414330646366	0.000676533667789192
8	0.0882	0.12	0.8088995110855535	0.0007723376541356464	-0.4681468515738599	0.001145141869966726
8	0.0882	0.18	0.5995753369979401	0.0013112849202426835	-0.6045700379030533	0.0013911252227850612
8	0.0882	0.24	0.36311045161617106	0.001708580467695675	-0.6420847647061068	0.001352747082005834
8	0.0882	0.3	0.1483201304078618	0.0019511009971099613	-0.5921423142544784	0.0012886275938874816
8	0.0882	0.36	-0.012521573730228597	0.001950015923660186	-0.48319073908527277	0.0013469003058425577
8	0.0882	0.42	-0.1078885250316679	0.0017772047998130674	-0.3502967883244462	0.0014502673779702158
8	0.0882	0.48	-0.1444395017192688	0.001602633613941501	-0.22309117440186238	0.0014801611618937283
8	0.0882	0.54	-0.137963299060748	0.0015505988028918782	-0.12030687499979975	0.0013579986875431327
8	0.0882	0.6000000000000001	-0.10753133551535275	0.0014301674545531967	-0.04988262059534421	0.0012488940128475151
8	0.0882	0.6599999999999999	-0.0698975658523626	0.0013301261324489	-0.01006543399298483	0.0012049858094992111
8	0.0882	0.72	-0.03620810439493186	0.0012172777238002308	0.006208353851919824	0.0011283882532455965
8	0.0882	0.78	-0.012273539036129117	0.00106551241920411	0.007627166819212803	0.0010713196362335962
8	0.0882	0.8400000000000001	0.0011588549939752259	0.0009494121648117742	0.0022839297054945197	0.0010389114696147037
8	0.0882	0.8999999999999999	0.006070049875515746	0.0009213137174778825	-0.004230849153375843	0.0009284857635330117
8	0.0882	0.96	0.005604741904764251	0.0008494092902562026	-0.008765825246376657	0.000920296625370156
8	0.0882	1.02	0.002742599315641932	0.0008114364241095578	-0.010490827360422186	0.0007913613189846675
8	0.0882	1.08	-0.000349517014927605	0.0007737147453192513	-0.009803224808315062	0.0008142825606456404
8	0.0882	1.1400000000000001	-0.002504081959069114	0.0007353623990171115	-0.007666323226562485	0.0007408236120131743
8	0.0882	1.2	-0.003384677242087345	0.0006760633768569262	-0.005119389082425483	0.0007042175946040005
8	0.0882	1.26	-0.0032707690647524263	0.0006297764820384333	-0.0028357473226880217	0.0006571795426345197
8	0.0882	1.32	-0.0025504836359813163	0.0006278547204498291	-0.0011664949103686703	0.0006702028830320655
8	0.0882	1.38	-0.0016297465509413711	0.0005921232741655212	-0.00015091155402001595	0.0006525713373286895
8	0.0882	1.44	-0.0007980262974712615	0.0005853361683584562	0.0002926201177330757	0.0006430425104831974
8	0.0882	1.5	-0.0001675543220853484	0.0005834286756454918	0.00036579319328585997	0.0005999664396073314
8	0.1213	0.06	0.9677973919860204	0.00018896673762969218	-0.2547578340455704	0.0005106605723632639
8	0.1213	0.12	0.8382275245910275	0.0005475656004703123	-0.46872584891105473	0.0008027387020755339
8	0.1213	0.18	0.644498435100113	0.0009807958490238855	-0.6219700182772752	0.0009191047674391716
8	0.1213	0.24	0.41988426257806566	0.00134486844088022	-0.6944373921376223	0.00110632878468242
8	0.1213	0.3	0.19764409091339408	0.001537134638569887	-0.6736233727762804	0.0011201796543615083
8	0.1213	0.36	0.011045618906638181	0.0015208089085421515	-0.5808527436765771	0.0012506902939830589
8	0.1213	0.42	-0.1121235407317251	0.0014829662843186403	-0.44714195929684875	0.0013843178799509137
8	0.1213	0.48	-0.17167152382926787	0.0013898440624877106	-0.30327661415726614	0.0014363923985832863
8	0.1213	0.54	-0.177385038513686	0.0013339209864113855	-0.17720764223322283	0.0014278929236832827
8	0.1213	0.6000000000000001	-0.1474962713575147	0.0012332802144766344	-0.08168787812377118	0.0013271154747912517
8	0.1213	0.6599999999999999	-0.1018894880338572	0.0012277119300150852	-0.022428767031485216	0.0011662863179318986
8	0.1213	0.72	-0.05511712092233957	0.0011451552473843718	0.005480080888748915	0.0010554685751145553
8	0.1213	0.78	-0.018555790333468027	0.0010857584857294454	0.010830043855159236	0.00102801182525937
8	0.1213	0.8400000000000001	0.004483623230250099	0.0009993954953617535	0.0031731780163331454	0.001028449861098282
8	0.1213	0.8999999999999999	0.014149796677063124	0.0008946275246528389	-0.008074955782816511	0.0009347312968776834
8	0.1213	0.96	0.013874497185034643	0.0009415344499512715	-0.01776037618833068	0.0008648478746153959
8	0.1213	1.02	0.00840462787819227	0.0008999467078959106	-0.022663941475269372	0.0007707313917319596
8	0.1213	1.08	0.00125438043406192	0.0008993100483286618	-0.022677653571751805	0.0007506922943300957
8	0.1213	1.1400000000000001	-0.004553375297060413	0.000889265805025797	-0.019058363317438647	0.0007143139375907077
8	0.1213	1.2	-0.007966970337922251	0.0008741151318683954	-0.013612349796633871	0.0006912817043890022
8	0.1213	1.26	-0.008791765564049705	0.0008957814057546834	-0.008073558944706058	0.0006927216601831194
8	0.1213	1.32	-0.007690954946668082	0.000861744074566591	-0.0035398735256562575	0.0007166719488223348
8	0.1213	1.38	-0.0055630839388775555	0.0008143287860438564	-0.0004925204028779563	0.0006725841432238872
8	0.1213	1.44	-0.0031719615437995436	0.0007274662296446213	0.000981258227379838	0.0006792326033622064
8	0.1213	1.5	-0.0011428384642974397	0.0006857997335322694	0.0013329677560055533	0.0006752521141282519
10	0.0574	0.06	0.9195056379091973	0.00026454370401751687	-0.3143973110088301	0.0006060365223063968
10	0.0574	0.12	0.6970898468969577	0.0008153526996151906	-0.5413941290640862	0.0009348000989531923
10	0.0574	0.18	0.404803061588335	0.0013008053686827115	-0.6206068687719922	0.000900427189807762
10	0.0574	0.24	0.14052880082475633	0.0015230093249758991	-0.5619657755805485	0.0008470437692809085
10	0.0574	0.3	-0.037231148868655445	0.0015003366697864187	-0.4229089361102042	0.0010755867960844379
10	0.0574	0.36	-0.11879685097641188	0.0014026553635344968	-0.26637808541878283	0.0011057883294912085
10	0.0574	0.42	-0.12685876026133958	0.0010992836673257844	-0.13663484945627313	0.00115897149820407
10	0.0574	0.48	-0.09545256689524645	0.0009424933355818009	-0.052259538335582834	0.001075435215222749
10	0.0574	0.54	-0.05429100437354148	0.0009072517819487952	-0.010955073646870872	0.0008956347278003245
10	0.0574	0.6000000000000001	-0.0216330215971603	0.0008130233042787163	0.0005800822959905183	0.0008472336296088665
10	0.0574	0.6599999999999999	-0.003593123309872882	0.0006888913498485197	-0.00233110145917089	0.0007461780536009397
10	0.0574	0.72	0.0019675942546445585	0.000649887083469183	-0.008172468108456038	0.0006389274270880932
10	0.0574	0.78	0.0005920805284103451	0.000607620207873474	-0.011125972345911896	0.0005747210979617796
10	0.0574	0.8400000000000001	-0.0025816968357554	0.0005599747404430046	-0.010300097777652138	0.0005069639511664625
10	0.0574	0.8999999999999999	-0.0045970275828928955	0.0004674560416320483	-0.007224471180819834	0.000538439371735774
10	0.0574	0.96	-0.004845431637150369	0.0004207351804974696	-0.003672486845663883	0.00043172509822643094
10	0.0574	1.02	-0.0037487406363230866	0.0004160411526417203	-0.0009754291750363936	0.0004185826443838758
10	0.0574	1.08	-0.002124987893632733	0.00041677934941846887	0.0004757835115047365	0.0003688125961467585
10	0.0574	1.1400000000000001	-0.000648111077145715	0.0003979512281859956	0.0008250659506659014	0.0003485862159032788
10	0.0574	1.2	0.0003206226564074628	0.0003690132592848869	0.0004725168172544024	0.0003382469899042298
10	0.0574	1.26	0.0006396049191586791	0.0003358287172600995	-0.00018840389723405094	0.00032748979942115463
10	0.0574	1.32	0.00047325172199515713	0.00031401981726937833	-0.0007159196192396313	0.0003131140272697433
10	0.0574	1.38	5.815357708056817e-05	0.0002919300969436385	-0.0009938318892193446	0.00030139093916921756
10	0.0574	1.44	-0.0003770186662875345	0.00029806947594555156	-0.0009457247112007509	0.000304513500462097
10	0.0574	1.5	-0.0006725342991103376	0.0002897579011525257	-0.0006486439352565322	0.00028518815699950803
10	0.0882	0.06	0.9358110041492106	0.00030834070267804487	-0.3160014156359874	0.0007437735701769644
10	0.0882	0.12	0.7346288388647982	0.0009751627122613904	-0.5586380888686946	0.001096368207856413
10	0.0882	0.18	0.46065597729091323	0.0015585178920879406	-0.6831718208848927	0.0012402616559356037
10	0.0882	0.24	0.18022362394717112	0.001948947584312716	-0.6638808945829264	0.0013296043408104195
10	0.0882	0.3	-0.035503351451374704	0.0020493455154724995	-0.5377713018566316	0.001659121851947609
10	0.0882	0.36	-0.15319716828134894	0.001829438543816897	-0.36389282893934044	0.0019301212082252774
10	0.0882	0.42	-0.17930576982325586	0.0017574122361251054	-0.20007144868121418	0.001856120905170566
10	0.0882	0.48	-0.14584729478756206	0.0015313658734894542	-0.08076389444814593	0.0016722119915181936
10	0.0882	0.54	-0.08832584425452678	0.001459024134531972	-0.015076814069742307	0.0013495294406354694
10	0.0882	0.6000000000000001	-0.03561011079438819	0.0013406762849068124	0.005904420967476131	0.0012794123821391083
10	0.0882	0.6599999999999999	-0.001908221277605889	0.001202640438696273	0.001104443780168671	0.001158623518355533
10	0.0882	0.72	0.011072044499048559	0.0010794469795895633	-0.012433596429874802	0.0010777737504588747
10	0.0882	0.78	0.009044583135134022	0.0010416975026016021	-0.022622459933387948	0.0010577352994074543
10	0.0882	0.8400000000000001	0.0009059360386182502	0.0009089027269656115	-0.025056465286594262	0.0010168642721778386
10	0.0882	0.8999999999999999	-0.006844058450859072	0.0008483301282925046	-0.020715232984095833	0.0009179757793330614
10	0.0882	0.96	-0.010477559469736466	0.0008689413752486046	-0.013027800183794399	0.0008628468958848773
10	0.0882	1.02	-0.009925161832677103	0.0007916642001809006	-0.005765050472398508	0.0007963413173760758
10	0.0882	1.08	-0.006778319937287568	0.0008565018314965625	-0.001026495614100568	0.0006846062362050904
10	0.0882	1.1400000000000001	-0.00324722332856655	0.0007490176049849422	0.0007311191663612976	0.0006879290337896464
10	0.0882	1.2	-0.0007255118615641936	0.0006982475577695761	0.0004446935730912822	0.00065305112017819
10	0.0882	1.26	0.00039248065158098823	0.0006312649909236042	-0.0006745290015774396	0.000618785323181528
10	0.0882	1.32	0.000362793702212949	0.0005901459723443923	-0.001654549494116341	0.000618496867012856
10	0.0882	1.38	-0.0001416757201565966	0.0005509878445476256	-0.0020792004787752415	0.0005609471023349472
10	0.0882	1.44	-0.0006824159616012268	0.0005365654768803134	-0.0020475062052103263	0.0005650887600947967
10	0.0882	1.5	-0.001079228290485625	0.000540836935487181	-0.0016862425530599777	0.0005560534315404458
10	0.1213	0.06	0.9543514394740555	0.0002394278182042964	-0.3215626184042608	0.00045893256193235693
10	0.1213	0.12	0.7686870416728089	0.0005995149182341786	-0.5652003062425299	0.0006077613570303342
10	0.1213	0.18	0.5050551972864882	0.0009562391993866991	-0.7108389027015917	0.0007050186424190086
10	0.1213	0.24	0.2255519850716292	0.001219824361758215	-0.7383622083944503	0.0007985461852672016
10	0.1213	0.3	-0.012140516952570485	0.0012373520124681677	-0.6404146752779369	0.001052177088295636
10	0.1213	0.36	-0.1699676560133431	0.0011468035555951273	-0.46813074354698214	0.0012545724738661224
10	0.1213	0.42	-0.22545708089472788	0.0010241168514477374	-0.2847771465670116	0.0011839118364698755
10	0.1213	0.48	-0.20273074054925194	0.0010240235122767616	-0.13138925731030587	0.0010586861607174147
10	0.1213	0.54	-0.1393182842928255	0.001030544802015726	-0.03640664384546774	0.0009101019357786526
10	0.1213	0.6000000000000001	-0.06773511264610238	0.000989235334237032	0.004010463435542779	0.0009164891137728318
10	0.1213	0.6599999999999999	-0.015286874274152833	0.0008636235102116863	0.005005940745385863	0.0008559118473575263
10	0.1213	0.72	0.011705066196079781	0.0007810138218803127	-0.013465708474643396	0.0008919169693658457
10	0.1213	0.78	0.015245185144578809	0.0007286789346368297	-0.031639855578604846	0.000817757908736505
10	0.1213	0.8400000000000001	0.0048013346991741725	0.0006790282204153049	-0.04118320234803226	0.0007235405351230725
10	0.1213	0.8999999999999999	-0.008339736246591428	0.0006451618825761589	-0.039127835686856814	0.0006683416082199772
10	0.1213	0.96	-0.018005804900086457	0.0006174573951150501	-0.028972612241548172	0.0006408841948825315
10	0.1213	1.02	-0.02080438135472194	0.0005975645347066523	-0.016539784979335607	0.000617761568883466
10	0.1213	1.08	-0.017730952905821818	0.0005814640474534026	-0.005634784170154785	0.0006001886492057984
10	0.1213	1.1400000000000001	-0.011716625864608853	0.0005547966657435572	0.000993571126772239	0.0005336701736301811
10	0.1213	1.2	-0.005279277797073182	0.000530040509569187	0.0032421439618011867	0.0005240108983734174
10	0.1213	1.26	-0.0006910494416743514	0.0005898708837337736	0.0024900540355306472	0.0005105738244286736
10	0.1213	1.32	0.0016689399494361312	0.0005381127838066007	0.00029816705897620934	0.0005073395214676897
10	0.1213	1.38	0.0020161897883045152	0.0004627800726794862	-0.0017779869536007462	0.0005186278457638517
10	0.1213	1.44	0.00108266117369032	0.0004358778199153802	-0.00300269894351387	0.0005408123230130359
10	0.1213	1.5	-0.0001798597966959426	0.0004349844990451093	-0.003137281484650891	0.00046503884917189434
