x	lc_ft
-2.01	-0.0005958350811600677
-1.9999999999999998	-0.000907319486994948
-1.9899999999999998	-0.0012442933969916692
-1.9799999999999998	-0.0016058192933966278
-1.9699999999999998	-0.0019867506093071002
-1.9599999999999997	-0.002378575713515102
-1.9499999999999997	-0.0027712863430366594
-1.9399999999999997	-0.003155706352370495
-1.9299999999999997	-0.003525570339956874
-1.9199999999999997	-0.0038787140167594464
-1.9099999999999997	-0.004217008353299058
-1.8999999999999997	-0.004545055496152327
-1.8899999999999997	-0.004868047680671318
-1.8799999999999997	-0.005189452327082476
-1.8699999999999997	-0.0055092452380942625
-1.8599999999999997	-0.005823249586982
-1.8499999999999996	-0.006123800269888652
-1.8399999999999996	-0.006401544433803072
-1.8299999999999996	-0.0066478354852703425
-1.8199999999999996	-0.006856989444022618
-1.8099999999999996	-0.007027708758179985
-1.7999999999999996	-0.007163230244202186
-1.7899999999999996	-0.007270144577392577
-1.7799999999999996	-0.007356244967703589
-1.7699999999999996	-0.007428065536767704
-1.7599999999999996	-0.007488870844379686
-1.7499999999999996	-0.007537724067240313
-1.7399999999999995	-0.00756993198012447
-1.7299999999999995	-0.00757874040372164
-1.7199999999999995	-0.007557764739311301
-1.7099999999999995	-0.007503407346316826
-1.6999999999999995	-0.007416510292102885
-1.6899999999999995	-0.007302721446125794
-1.6799999999999995	-0.007171445047454976
-1.6699999999999995	-0.007033684499254109
-1.6599999999999995	-0.00689943044926751
-1.6499999999999995	-0.0067753934568495836
-1.6399999999999995	-0.00666378061587964
-1.6299999999999994	-0.00656249806626856
-1.6199999999999994	-0.006466722659499331
-1.6099999999999994	-0.006371360860947299
-1.5999999999999994	-0.006273633090821865
-1.5899999999999994	-0.006174975211102454
-1.5799999999999994	-0.006081652419537925
-1.5699999999999994	-0.00600387380127522
-1.5599999999999994	-0.005953658338475186
-1.5499999999999994	-0.005942092682535816
-1.5399999999999994	-0.005976816047804194
-1.5299999999999994	-0.0060605057939143725
-1.5199999999999994	-0.006190835158517365
-1.5099999999999993	-0.006361923329157762
-1.4999999999999993	-0.00656683590088445
-1.4899999999999993	-0.006800363860361244
-1.4799999999999993	-0.007061215204322839
-1.4699999999999993	-0.007352926788458926
-1.4599999999999993	-0.007683194101172325
-1.4499999999999993	-0.008061804779704515
-1.4399999999999993	-0.008497797579388622
-1.4299999999999993	-0.008996716453816084
-1.4199999999999993	-0.009558810437670512
-1.4099999999999993	-0.010178747028521055
-1.3999999999999992	-0.010846944498809706
-1.3899999999999992	-0.011552128331634798
-1.3799999999999992	-0.012284333453946625
-1.3699999999999992	-0.01303742743271339
-1.3599999999999992	-0.013810368515695143
-1.3499999999999992	-0.014606796677664909
-1.3399999999999992	-0.015433069393740978
-1.3299999999999992	-0.016295338933469662
-1.3199999999999992	-0.01719657370510208
-1.3099999999999992	-0.01813445550908962
-1.2999999999999992	-0.019100824949914434
-1.2899999999999991	-0.02008287564559081
-1.2799999999999991	-0.021065757939275086
-1.2699999999999991	-0.022035811254809523
-1.2599999999999991	-0.02298343936200016
-1.2499999999999991	-0.02390474129342439
-1.239999999999999	-0.024801385888094288
-1.229999999999999	-0.025678757097981092
-1.219999999999999	-0.026542935073008506
-1.209999999999999	-0.02739744760534192
-1.199999999999999	-0.028240810705749554
-1.189999999999999	-0.029065645823270057
-1.179999999999999	-0.02985968193716978
-1.169999999999999	-0.030608368825956918
-1.159999999999999	-0.03129832255637661
-1.149999999999999	-0.0319205536981444
-1.139999999999999	-0.03247248041219452
-1.129999999999999	-0.03295809105724735
-1.119999999999999	-0.03338618627600658
-1.109999999999999	-0.0337672260192082
-1.099999999999999	-0.03410974803355054
-1.089999999999999	-0.03441747153761267
-1.079999999999999	-0.034688002855137214
-1.069999999999999	-0.03491357453318766
-1.059999999999999	-0.03508362226457077
-1.049999999999999	-0.03518842751730933
-1.039999999999999	-0.03522270821214269
-1.029999999999999	-0.03518803631378103
-1.019999999999999	-0.03509330653794032
-1.009999999999999	-0.034953072932046206
-0.9999999999999989	-0.03478422971443658
-0.9899999999999989	-0.03460203540237945
-0.9799999999999989	-0.034416699966557225
-0.9699999999999989	-0.03423159959296735
-0.9599999999999989	-0.034043694277206944
-0.9499999999999988	-0.03384604626228406
-0.9399999999999988	-0.03363167965538179
-0.9299999999999988	-0.03339758850328274
-0.9199999999999988	-0.03314763114193648
-0.9099999999999988	-0.032893371199069266
-0.8999999999999988	-0.03265254721578755
-0.8899999999999988	-0.032445585643710514
-0.8799999999999988	-0.032291189923208695
-0.8699999999999988	-0.03220234674130318
-0.8599999999999988	-0.032183987190637864
-0.8499999999999988	-0.03223304931538317
-0.8399999999999987	-0.032340954568560495
-0.8299999999999987	-0.03249775769119417
-0.8199999999999987	-0.03269669170733607
-0.8099999999999987	-0.03293767928323196
-0.7999999999999987	-0.033228673841425735
-0.7899999999999987	-0.033584347130977195
-0.7799999999999987	-0.03402245874674585
-0.7699999999999987	-0.034558975793629806
-0.7599999999999987	-0.035203427093588445
-0.7499999999999987	-0.03595593896287124
-0.7399999999999987	-0.036806909707157644
-0.7299999999999986	-0.037739479661932016
-0.7199999999999986	-0.03873408501396677
-0.7099999999999986	-0.03977371605594237
-0.6999999999999986	-0.04084824717464866
-0.6899999999999986	-0.04195645617853637
-0.6799999999999986	-0.043105039242813094
-0.6699999999999986	-0.04430485120781656
-0.6599999999999986	-0.0455654771708433
-0.6499999999999986	-0.046889795530199625
-0.6399999999999986	-0.04827024316350552
-0.6299999999999986	-0.049688010619331424
-0.6199999999999986	-0.051115514874304276
-0.6099999999999985	-0.05252148287990803
-0.5999999999999985	-0.05387714358395393
-0.5899999999999985	-0.05516163545500087
-0.5799999999999985	-0.0563649259884466
-0.5699999999999985	-0.05748726765669294
-0.5599999999999985	-0.058535270575896095
-0.5499999999999985	-0.05951573640331985
-0.5399999999999985	-0.06042913860567881
-0.5299999999999985	-0.061264809466601344
-0.5199999999999985	-0.061999430602000104
-0.5099999999999985	-0.06259944454443948
-0.49999999999999845	-0.06302679816397774
-0.48999999999999844	-0.06324636310389825
-0.47999999999999843	-0.063232791689229
-0.4699999999999984	-0.06297465942497424
-0.4599999999999984	-0.06247451345284609
-0.4499999999999984	-0.06174467593087798
-0.4399999999999984	-0.060799976360505006
-0.4299999999999984	-0.05964959782976379
-0.4199999999999984	-0.058290591120302486
-0.40999999999999837	-0.056705196364320455
-0.39999999999999836	-0.054863010868817584
-0.38999999999999835	-0.05272756763723596
-0.37999999999999834	-0.05026548486306272
-0.36999999999999833	-0.04745545248515562
-0.3599999999999983	-0.0442942391638736
-0.3499999999999983	-0.04079769517304499
-0.3399999999999983	-0.03699618910453351
-0.3299999999999983	-0.03292562742636204
-0.3199999999999983	-0.028616647336050363
-0.3099999999999983	-0.0240852845966417
-0.29999999999999827	-0.01932814103835257
-0.28999999999999826	-0.014323844330628638
-0.27999999999999825	-0.009040734051938178
-0.26999999999999824	-0.003448761224211644
-0.25999999999999823	0.0024678524755630954
-0.24999999999999822	0.008701112630680151
-0.23999999999999821	0.01521610900003123
-0.2299999999999982	0.02195568751626155
-0.2199999999999982	0.02885208517455347
-0.2099999999999982	0.03584247080179259
-0.19999999999999818	0.04288390760549709
-0.18999999999999817	0.0499630852317642
-0.17999999999999816	0.05709739368318214
-0.16999999999999815	0.06432625630065965
-0.15999999999999814	0.07169448308784587
-0.14999999999999813	0.07923194300401246
-0.13999999999999813	0.08693531958325605
-0.12999999999999812	0.09475760990069158
-0.11999999999999811	0.10260927970163153
-0.1099999999999981	0.11037199450270516
-0.09999999999999809	0.11792238655904437
-0.08999999999999808	0.12516035225232064
-0.07999999999999807	0.13203479338698546
-0.06999999999999806	0.13856010866203045
-0.059999999999998055	0.14481929784246983
-0.049999999999998046	0.1509542541401733
-0.03999999999999804	0.1571515998319522
-0.029999999999998028	0.1636506078172226
-0.01999999999999802	0.1708811464224257
-0.00999999999999801	0.1805840145909371
1.7763568394002505e-15	0.25300551061735876
0.010000000000002007	0.49633731175376694
0.020000000000002238	0.5864739863263415
0.030000000000002025	0.6501291237036207
0.04000000000000181	0.7009559465563804
0.05000000000000204	0.7437229258490441
0.060000000000002274	0.7807576626877835
0.07000000000000206	0.8134492076617938
0.08000000000000185	0.8427477639656503
0.09000000000000208	0.869355471083834
0.10000000000000231	0.8938009095008446
0.1100000000000021	0.9164689649850997
0.12000000000000188	0.9376182161528782
0.1300000000000021	0.9574006928383563
0.14000000000000234	0.9758889090737886
0.15000000000000213	0.993108654312088
0.16000000000000192	1.0090723166533706
0.17000000000000215	1.0238063745138803
0.18000000000000238	1.037367849782013
0.19000000000000217	1.049847314241346
0.20000000000000195	1.0613595189831098
0.21000000000000218	1.0720258182286564
0.22000000000000242	1.0819544049797218
0.2300000000000022	1.0912244880670041
0.240000000000002	1.0998789543486398
0.2500000000000022	1.1079272938161975
0.26000000000000245	1.1153574532876167
0.27000000000000224	1.1221527271672207
0.280000000000002	1.1283084989409884
0.29000000000000226	1.133843932002882
0.3000000000000025	1.138805421858561
0.3100000000000023	1.1432612032314706
0.32000000000000206	1.1472891615635115
0.3300000000000023	1.1509618413008997
0.3400000000000025	1.1543333222504766
0.3500000000000023	1.1574318909465695
0.3600000000000021	1.1602605346987
0.3700000000000023	1.162804836483019
0.38000000000000256	1.1650456016263206
0.39000000000000234	1.1669721746069843
0.40000000000000213	1.168592299104641
0.41000000000000236	1.1699355383524308
0.4200000000000026	1.1710493239032274
0.4300000000000024	1.1719889958998913
0.44000000000000217	1.1728050312749876
0.4500000000000024	1.1735314746515384
0.46000000000000263	1.17417915451761
0.4700000000000024	1.1747357340866982
0.4800000000000022	1.175172496779465
0.49000000000000243	1.1754556689825006
0.5000000000000027	1.175558684328276
0.5100000000000025	1.1754715215189735
0.5200000000000022	1.1752041801746484
0.5300000000000025	1.174783203482173
0.5400000000000027	1.174242339299815
0.5500000000000025	1.1736102755545876
0.5600000000000023	1.1728993180290166
0.5700000000000025	1.1720986061807612
0.5800000000000027	1.1711740640220114
0.5900000000000025	1.1700751856815632
0.6000000000000023	1.1687466057868823
0.6100000000000025	1.167140871753344
0.6200000000000028	1.1652284030734845
0.6300000000000026	1.1630014412917964
0.6400000000000023	1.1604706279104464
0.6500000000000026	1.1576551425917598
0.6600000000000028	1.1545693850986356
0.6700000000000026	1.1512103482202796
0.6800000000000024	1.1475497235136798
0.6900000000000026	1.1435334087894755
0.7000000000000028	1.1390888387990126
0.7100000000000026	1.134138110904701
0.7200000000000024	1.128612978219623
0.7300000000000026	1.1224670384869821
0.7400000000000029	1.1156811261243305
0.7500000000000027	1.108259858082421
0.7600000000000025	1.1002199404439503
0.7700000000000027	1.091573424370305
0.7800000000000029	1.0823108134921144
0.7900000000000027	1.0723892096153507
0.8000000000000025	1.0617293884901002
0.8100000000000027	1.0502231397895603
0.820000000000003	1.0377490929827013
0.8300000000000027	1.0241924845233734
0.8400000000000025	1.0094627358917232
0.8500000000000028	0.9935028243381149
0.860000000000003	0.9762862745382828
0.8700000000000028	0.9578007015403227
0.8800000000000026	0.9380203137862096
0.8900000000000028	0.9168725840332095
0.900000000000003	0.8942054526432797
0.9100000000000028	0.8697602900705292
0.9200000000000026	0.8431521347935219
0.9300000000000028	0.8138523015891869
0.940000000000003	0.7811585094211536
0.9500000000000028	0.7441203584612481
0.9600000000000026	0.7013485023112098
0.9700000000000029	0.6505148327055736
0.9800000000000031	0.5868498262529289
0.9900000000000029	0.4966972324910992
1.0000000000000027	0.25331533116408533
1.010000000000003	0.1808815140087632
1.0200000000000031	0.17118008696856532
1.030000000000003	0.16395138227019412
1.0400000000000027	0.15745422334827075
1.050000000000003	0.1512586569186661
1.0600000000000032	0.14512536762881176
1.070000000000003	0.13886770109313756
1.0800000000000027	0.13234373940716068
1.090000000000003	0.12547046822568317
1.1000000000000032	0.11823348694252538
1.110000000000003	0.1106839049610569
1.1200000000000028	0.1029218480728287
1.130000000000003	0.09507071288434588
1.1400000000000032	0.08724886408697476
1.150000000000003	0.07954586239063209
1.1600000000000028	0.07200872975968169
1.170000000000003	0.06464079283270378
1.1800000000000033	0.05741218489727244
1.190000000000003	0.050278093172081734
1.2000000000000028	0.04319909047511161
1.210000000000003	0.03615778580808648
1.2200000000000033	0.02916749420858345
1.230000000000003	0.02227116391974964
1.2400000000000029	0.015531643510169002
1.250000000000003	0.009016716951026953
1.2600000000000033	0.002783559674681295
1.2700000000000031	-0.00313289936228648
1.280000000000003	-0.008724651770172585
1.2900000000000031	-0.01400746726182197
1.3000000000000034	-0.019011390637496448
1.3100000000000032	-0.02376808045121475
1.320000000000003	-0.028298906836714467
1.3300000000000032	-0.032607263065104794
1.3400000000000034	-0.036677104336785955
1.3500000000000032	-0.040477780151661515
1.360000000000003	-0.04397336763514982
1.3700000000000032	-0.04713348075320853
1.3800000000000034	-0.049942253104483914
1.3900000000000032	-0.052402903171615
1.400000000000003	-0.05453673245808245
1.4100000000000033	-0.05637711837144527
1.4200000000000035	-0.05796052646338469
1.4300000000000033	-0.059317359076227046
1.440000000000003	-0.060465374888104995
1.4500000000000033	-0.061407519662069324
1.4600000000000035	-0.06213460407869624
1.4700000000000033	-0.06263179016135839
1.480000000000003	-0.06288674642472608
1.4900000000000033	-0.06289691736985899
1.5000000000000036	-0.06267372181619277
1.5100000000000033	-0.0622425055544609
1.5200000000000031	-0.061638399056499885
1.5300000000000034	-0.060899460846609355
1.5400000000000036	-0.06005925566307809
1.5500000000000034	-0.05914110938883034
1.5600000000000032	-0.05815569606651054
1.5700000000000034	-0.05710254663401079
1.5800000000000036	-0.055974862016315664
1.5900000000000034	-0.05476603374322337
1.6000000000000032	-0.0534758114301614
1.6100000000000034	-0.052114231547713094
1.6200000000000037	-0.05070216252479104
1.6300000000000034	-0.049268385595653025
1.6400000000000032	-0.04784418682563536
1.6500000000000035	-0.04645716397361702
1.6600000000000037	-0.045126141492502894
1.6700000000000035	-0.043858696402503033
1.6800000000000033	-0.042651962196078905
1.6900000000000035	-0.041496363456035384
1.7000000000000037	-0.040381053326102874
1.7100000000000035	-0.0392993429550882
1.7200000000000033	-0.03825246240756778
1.7300000000000035	-0.037250546708864275
1.7400000000000038	-0.036310616970856274
1.7500000000000036	-0.03545225017044435
1.7600000000000033	-0.034692320033960874
1.7700000000000036	-0.034040441973192365
1.7800000000000038	-0.03349650177680473
1.7900000000000036	-0.03305098017831235
1.8000000000000034	-0.03268791672489721
1.8100000000000036	-0.03238955587269
1.8200000000000038	-0.032141228158011306
1.8300000000000036	-0.031934981768292355
1.8400000000000034	-0.031770895969685894
1.8500000000000036	-0.031655740588234484
1.8600000000000039	-0.03159946466263342
1.8700000000000037	-0.03161065087827377
1.8800000000000034	-0.03169236471258865
1.8900000000000037	-0.031839676896983825
1.900000000000004	-0.03203960001322935
1.9100000000000037	-0.03227342695792567
1.9200000000000035	-0.03252072490081235
1.9300000000000037	-0.03276374694965086
1.940000000000004	-0.03299092020269836
1.9500000000000037	-0.03319837717708021
1.9600000000000035	-0.03338911555821495
1.9700000000000037	-0.03357010410339364
1.980000000000004	-0.03374827427569896
1.9900000000000038	-0.03392665991470992
2.0000000000000036	-0.03410187791335371
2.0100000000000033	-0.034263709864365485
2.020000000000004	-0.034396886922777835
2.030000000000004	-0.0344845027984633
2.0400000000000036	-0.034511990277864904
2.0500000000000043	-0.03447044136661338
2.060000000000004	-0.03
2.060000000000004	-0.03413275664958718
2.070000000000004	-0.03424973114143328
2.0800000000000036	-0.03378000738199382
2.0900000000000034	-0.03314500293495996
2.100000000000004	-0.0329407962838736
2.110000000000004	-0.03298343278608427
2.1200000000000037	-0.032613113971093385
2.1300000000000043	-0.03175392807131918
2.140000000000004	-0.031027768270706496
2.150000000000004	-0.03075398435159423
2.1600000000000037	-0.030446313404939057
2.1700000000000035	-0.02960288878306582
2.180000000000004	-0.028511040592919576
2.190000000000004	-0.02778237932741432
2.2000000000000037	-0.027377048418724098
2.2100000000000044	-0.026681093495486002
2.220000000000004	-0.025499592976914245
2.230000000000004	-0.024368462059448245
2.2400000000000038	-0.023695951368469977
2.2500000000000036	-0.023119092538831203
2.2600000000000042	-0.02209964548625286
2.270000000000004	-0.02079260548031392
2.280000000000004	-0.019797273360947214
2.2900000000000045	-0.019201980835742552
2.3000000000000043	-0.018456229132641437
2.310000000000004	-0.017264369965120513
2.320000000000004	-0.016061565199936012
2.3300000000000036	-0.015316879066922952
2.3400000000000043	-0.014790108505094483
2.350000000000004	-0.013929673446886594
2.360000000000004	-0.012762931622756928
2.3700000000000045	-0.011851317556782988
2.3800000000000043	-0.01139249697041566
2.390000000000004	-0.010913150137827676
2.400000000000004	-0.010036514148728068
2.4100000000000037	-0.009086767100509867
2.4200000000000044	-0.00856654813661234
2.430000000000004	-0.008354456715761356
2.440000000000004	-0.007907569526654834
2.4500000000000046	-0.007134732746399697
2.4600000000000044	-0.006538311685773762
2.470000000000004	-0.006405571247048367
2.480000000000004	-0.006351557611421289
2.4900000000000038	-0.005940288166023121
2.5000000000000044	-0.005380668932690132
2.5100000000000042	-0.005184352160666594
2.520000000000004	-0.005342713202381014
2.5300000000000047	-0.005343006716859937
2.5400000000000045	-0.0049896416297694965
2.5500000000000043	-0.004710191440728276
2.560000000000004	-0.004862095355779736
2.570000000000004	-0.005157787512873602
2.5800000000000045	-0.005126003210079028
2.5900000000000043	-0.004862156974625859
2.600000000000004	-0.004865690390277878
2.6100000000000048	-0.005232927650369909
2.6200000000000045	-0.005501683146866783
2.6300000000000043	-0.0053901066460041586
2.640000000000004	-0.005240545236346386
2.650000000000004	-0.005461529094875482
2.6600000000000046	-0.005868991746173419
2.6700000000000044	-0.005980900926173538
2.680000000000004	-0.005785891280655257
2.690000000000005	-0.005752857880147247
2.7000000000000046	-0.0060727775745626
2.7100000000000044	-0.006351681316862291
2.720000000000004	-0.00624190138650433
2.730000000000004	-0.005994294121172562
2.7400000000000047	-0.006049070413135418
2.7500000000000044	-0.006327572197944303
2.7600000000000042	-0.006360055991818457
2.770000000000005	-0.006038293559011282
2.7800000000000047	-0.005784314796584575
2.7900000000000045	-0.005870137330229314
2.8000000000000043	-0.005983267275063313
2.810000000000004	-0.005730949840329944
2.8200000000000047	-0.005269255372395344
2.8300000000000045	-0.005049814170353016
2.8400000000000043	-0.005096134343286075
2.850000000000005	-0.004970672852858828
2.8600000000000048	-0.004480036255303993
2.8700000000000045	-0.003984637024862923
2.8800000000000043	-0.00382041225963909
2.890000000000004	-0.003764286131778871
2.900000000000005	-0.0033981443104081216
2.9100000000000046	-0.002782404975572146
2.9200000000000044	-0.002359306597085331
2.930000000000005	-0.0022461827359580647
2.940000000000005	-0.002053755045025994
2.9500000000000046	-0.0015163823034868573
2.9600000000000044	-0.0009201087179204204
2.970000000000004	-0.0006450200560507713
2.980000000000005	-0.0005602917556156786
2.9900000000000047	-0.0002408774897261351
3.0000000000000044	0.00034656180304136475
3.010000000000005	0.000789300724140525
